64
0.014505 0.076223 -0.000279
0.014505 0.076223 0.006412
0.039593 0.06227 0.006412
0.066916 0.033287 -0.000279
0.066916 0.033287 0.006412
-0.023388 -0.071518 -0.000279
-0.047923 -0.057579 0.006412
0.063025 -0.050895 -0.000279
0.063025 -0.050895 0.006412
0.049073 0.055585 -0.000279
0.049073 0.055585 0.006412
-0.061309 0.039419 -0.000279
0.071939 0.021024 -0.000279
0.071939 0.021024 0.006412
0.022316 -0.072624 -0.000279
0.022316 -0.072624 0.006412
0.065813 -0.046423 0.006412
0.074727 0.006518 0.006412
-0.004441 -0.075436 -0.000279
-0.004441 -0.075436 0.006412
-0.035655 0.063392 -0.000279
-0.035655 0.063392 0.006412
-0.031198 -0.068183 0.006412
0.075293 -0.001274 -0.000279
0.075293 -0.004609 0.006412
-0.053498 0.049454 -0.000279
-0.053498 0.049454 0.006412
0.011718 -0.074868 -0.000279
0.011718 0.077345 -0.000279
0.030127 -0.069843 -0.000279
-0.026175 0.067848 -0.000279
0.039041 -0.065386 -0.000279
0.039041 -0.065386 0.006412
-0.071341 0.015446 -0.000279
-0.012804 -0.074314 -0.000279
-0.062427 0.037744 0.006412
0.064695 -0.04922 -0.000279
0.064695 -0.04922 0.006412
0.073609 -0.01744 -0.000279
0.042395 0.060595 -0.000279
0.074175 0.012096 -0.000279
0.074175 -0.014644 0.006412
-0.073025 -0.008512 -0.000279
-0.073025 0.005411 -0.000279
-0.073025 0.005411 0.006412
-0.045702 0.056692 -0.000279
-0.045702 0.056692 0.006412
0.008378 0.077345 -0.000279
0.008378 0.077345 0.006412
-0.07079 -0.034713 -0.000279
-0.07079 -0.034713 0.006412
-0.07079 0.017674 0.006412
-0.066333 0.030491 -0.000279
-0.066333 0.030491 0.006412
-0.022836 0.06897 0.006412
-0.072459 -0.031932 -0.000279
-0.072459 -0.031932 0.006412
-0.017813 -0.073193 0.006412
-0.037891 -0.064833 -0.000279
-0.037891 -0.064833 0.006412
-0.049608 -0.055919 -0.000279
0.00726 -0.075421 0.006412
0.059671 0.044444 -0.000279
0.059671 0.044444 0.006412
