216
0.012736 0.079936 -0.016929
0.012736 0.079936 0.016863
0.012736 0.079558 0.017236
0.012736 0.032992 -0.008672
-0.0128 0.079936 -0.016929
-0.0128 0.079936 0.016863
-0.0128 0.079558 0.017236
0.01461 0.028107 -0.008672
0.01461 0.026231 -0.008672
-0.012421 0.032992 -0.008672
-0.001157 0.070922 0.023627
0.018747 -0.002688 0.008979
0.018747 -0.002688 -0.009045
0.018747 -0.001185 -0.010174
0.018747 0.022475 0.010107
0.018747 0.022475 -0.010174
0.018747 -0.00156 0.010107
-0.0143 0.02623 0.010107
-0.0143 0.027733 0.010107
-0.0143 0.027733 0.011985
-0.0143 0.026606 0.01236
0.002596 0.068298 0.023627
-0.001907 0.078433 0.019118
-0.018058 0.026607 0.01236
-0.018058 0.025855 0.01236
-0.018058 0.025855 0.010482
0.001846 0.070547 0.023627
0.001846 0.058534 -0.019188
0.001846 0.078433 0.019118
0.014239 0.078057 0.017236
0.014239 0.030738 -0.016934
0.014239 0.030738 -0.018812
0.014239 0.060412 -0.017306
0.014239 0.077682 -0.017306
0.014239 0.027734 0.017242
0.014239 0.040127 -0.017309
0.014239 0.038627 0.018745
0.014239 0.057781 0.017236
0.014239 0.029611 0.010105
0.014239 0.029611 0.018745
0.014239 0.029611 -0.00867
0.014239 0.029611 0.010108
0.014239 0.029611 0.016491
0.014239 0.029611 0.018744
0.014239 0.038625 -0.018812
0.014239 0.057779 0.017239
0.014239 0.028485 0.018368
-0.013176 0.039755 0.018745
-0.020687 0.025856 0.010106
-0.020687 0.025856 -0.010174
-0.020687 0.027358 0.010106
-0.020687 0.027358 -0.010174
0.018371 0.028109 0.010107
0.018371 0.028109 -0.010175
0.018371 0.028109 0.011609
0.018371 0.028109 -0.010174
0.018371 0.02623 0.010107
0.018371 0.027733 -0.012051
0.018371 0.027733 0.011985
0.018371 0.026231 0.010107
0.018371 0.026231 -0.010174
0.018371 0.024731 -0.010175
0.018371 0.026606 0.01236
-0.009794 0.066044 -0.019184
-0.009794 0.070922 -0.019184
0.00147 0.058534 0.019118
-0.018434 0.028109 -0.010175
-0.018434 0.026231 -0.01055
0.013863 0.057781 -0.017306
0.013863 0.057779 -0.017309
0.013113 0.039755 0.018745
0.013113 0.03975 -0.018812
-0.012423 0.032992 -0.008672
-0.018055 0.027733 -0.012051
-0.018055 0.023979 -0.010175
-0.018055 0.023979 -0.012051
0.019874 0.028108 0.010107
0.019874 0.028108 -0.010174
-0.016931 0.022852 -0.010175
-0.016931 0.022852 -0.012051
-0.01881 -0.002688 0.008979
-0.01881 -0.002688 -0.009045
-0.01881 -0.001559 0.010107
-0.01881 -0.001185 -0.010174
-0.01881 0.025855 0.010107
-0.01881 0.025855 -0.010174
0.014616 0.078057 -0.016929
0.014616 0.078057 0.016863
0.014616 0.028109 0.010105
0.014616 0.028109 -0.00867
0.014616 0.03487 -0.016934
0.014616 0.03487 -0.008672
0.014616 0.04839 -0.008672
0.014616 0.026231 0.010105
0.014616 0.026231 -0.00867
0.014616 0.027734 0.010108
0.014616 0.040127 -0.016934
0.014616 0.040127 -0.008672
0.014616 0.040127 -0.016933
0.014616 0.057781 0.016863
0.014616 0.057781 -0.016552
0.014616 0.034869 0.016866
0.014616 0.034869 -0.008672
0.014616 0.057779 0.016866
0.014616 0.057779 -0.013178
0.014616 0.057779 -0.016557
0.014616 0.057779 -0.008672
0.01724 0.022852 -0.010175
0.01724 0.022852 -0.012051
0.003347 0.078057 -0.019188
-0.009417 0.057779 -0.008672
-0.016928 0.022851 0.01236
-0.016928 0.022851 0.010482
-0.014304 0.025856 0.01236
-0.014304 0.028109 0.011608
-0.014304 0.028109 -0.010174
-0.014304 0.026607 0.01236
-0.014304 0.026231 -0.010174
-0.005664 0.07693 -0.019188
-0.019936 0.028109 0.010106
-0.019936 0.028109 -0.010174
0.01424 0.030738 -0.016934
0.01424 0.030738 -0.018812
0.01424 0.027734 -0.012428
0.01424 0.027734 -0.017309
0.01424 0.029611 -0.012428
0.01424 0.029611 -0.018812
0.01424 0.028485 -0.018437
-0.008293 0.062663 -0.019184
0.014235 0.027733 -0.012427
0.014235 0.029611 -0.008672
0.014235 0.029611 -0.012427
0.018372 0.02623 0.010107
0.018372 0.02623 -0.010174
0.018372 0.028108 0.010107
0.018372 0.028108 -0.010174
0.020625 -0.002688 0.008979
0.020625 -0.002688 -0.009045
0.020625 -0.001185 -0.010174
0.020625 0.022475 0.010107
0.020625 0.022475 -0.010174
0.020625 0.027357 0.010107
0.020625 0.027357 -0.010174
0.020625 -0.00156 0.010107
-0.014301 0.027733 -0.012427
-0.014301 0.026231 0.010105
-0.014301 0.026231 -0.00867
-0.014301 0.026231 -0.008672
-0.014301 0.029611 0.010105
-0.014301 0.029611 -0.00867
-0.014301 0.029611 -0.008672
-0.014301 0.029611 -0.012427
0.006727 0.076179 -0.019188
0.006727 0.060787 -0.019188
-0.018809 0.025856 -0.010174
-0.01768 0.023227 0.01236
-0.020688 -0.002688 0.008979
-0.020688 -0.002688 -0.009045
-0.020688 -0.001559 0.010107
-0.020688 -0.001185 -0.010174
-0.020688 0.025855 0.010107
-0.020688 0.025855 -0.010174
0.014617 0.028109 0.010107
0.014617 0.028109 -0.010174
0.014617 0.026231 0.010107
0.014617 0.026231 -0.010174
-0.013927 0.078057 -0.017306
-0.013927 0.040127 -0.017309
-0.013927 0.057781 -0.017306
-0.013927 0.057779 -0.017309
-0.001534 0.058534 0.019118
-0.001534 0.078433 -0.019188
-0.002284 0.06717 0.023627
-0.002284 0.069794 0.023627
-0.003034 0.058909 -0.019188
-0.014303 0.078057 0.017236
-0.014303 0.030738 -0.016934
-0.014303 0.030738 -0.018812
-0.014303 0.028109 0.017992
-0.014303 0.03487 -0.008672
-0.014303 0.027734 0.017242
-0.014303 0.027734 -0.012428
-0.014303 0.027734 0.010108
-0.014303 0.027734 -0.017309
-0.014303 0.040127 -0.016934
-0.014303 0.040127 -0.008672
-0.014303 0.040127 -0.016933
-0.014303 0.048767 -0.008672
-0.014303 0.038627 0.018745
-0.014303 0.057781 -0.016929
-0.014303 0.057781 0.017236
-0.014303 0.034869 -0.008672
-0.014303 0.029611 0.018745
-0.014303 0.029611 -0.012428
-0.014303 0.029611 0.010108
-0.014303 0.029611 -0.018812
-0.014303 0.029611 0.016491
-0.014303 0.029611 0.018744
-0.014303 0.078433 -0.016929
-0.014303 0.078433 0.016863
-0.014303 0.038625 -0.018812
-0.014303 0.057779 -0.012804
-0.014303 0.057779 -0.008672
-0.014303 0.057779 -0.016933
-0.014303 0.057779 0.017239
-0.014303 0.029235 0.018744
-0.014303 0.028485 -0.018437
-0.013174 0.03975 -0.018812
-0.000781 0.066044 0.023627
0.017244 0.022851 0.01236
0.017244 0.022851 0.010482
0.001093 0.066044 0.023627
0.001093 0.070922 0.023627
0.009733 0.071297 -0.019184
0.009733 0.057779 -0.008672
0.009733 0.065669 -0.019184
