336
0.004649 0.082823 0.00158
0.012777 0.026244 0.005493
0.012777 0.036474 0.005493
0.012777 0.037076 0.005493
-0.009495 0.074995 -0.003835
-0.001367 0.076803 0.009706
-0.001367 0.083426 0.003084
0.010066 0.044001 0.002784
0.018194 0.033465 -0.010158
0.018194 0.033465 0.012113
0.018194 0.033163 0.013318
0.018194 0.034067 -0.003836
0.018194 0.034067 0.003686
0.018194 0.027749 -0.013165
0.018194 0.027749 0.013316
0.018194 0.027749 -0.013167
0.018194 0.024439 -0.012264
0.018194 0.024439 0.012113
0.018194 0.026244 -0.010158
0.018194 0.026244 0.005493
0.018194 0.033164 -0.013165
0.018194 0.033164 0.013316
0.018194 0.033164 -0.013167
0.018194 0.034068 0.004891
0.018194 0.034068 -0.005041
0.018194 0.02775 0.013318
0.018194 0.033766 0.005493
0.018194 0.033464 -0.010158
0.018194 0.026245 -0.010155
0.018194 0.026245 0.010306
0.001339 0.074093 -0.010158
0.001339 0.082823 -0.004737
0.001339 0.079214 -0.008649
-0.015516 0.03467 -0.008048
-0.013107 0.037078 0.004288
-0.024243 0.027748 0.009101
-0.024243 0.027748 -0.00895
-0.024243 0.033165 0.009101
-0.024243 0.033165 -0.00895
-0.018826 0.022631 -0.010158
-0.018826 0.022631 0.010008
-0.018826 0.022631 0.010006
-0.018826 0.022631 -0.010156
-0.018826 -0.002349 0.009406
-0.018826 -0.001143 -0.010156
-0.018826 -0.001747 0.010006
-0.018826 -0.00265 0.008804
-0.018826 -0.00265 -0.008652
0.000735 0.045206 0.010309
0.008863 0.044001 0.005491
-0.005281 0.074696 0.008802
-0.005281 0.082524 0.000977
-0.016417 0.034972 -0.003837
-0.022136 0.027748 0.012411
0.008561 0.074093 0.005791
-0.008591 0.076803 0.00489
-0.008591 0.044001 -0.005943
-0.008591 0.074995 -0.00564
-0.003174 0.037379 0.013318
-0.011302 0.037379 0.0079
0.013379 0.036474 0.006095
-0.008893 0.074696 0.00519
-0.020029 0.027748 -0.013165
-0.020029 0.033165 -0.013165
0.018796 0.022631 -0.010155
0.018796 0.022631 0.010006
0.018796 0.022631 -0.010156
0.018796 0.034067 0.001579
0.018796 -0.001143 -0.010156
0.018796 -0.001747 0.010006
0.018796 -0.00265 0.008804
0.018796 -0.00265 -0.008652
-0.014612 0.034671 0.008502
-0.014612 0.034972 0.008502
0.020903 0.033467 -0.006244
-0.018224 0.027748 -0.010158
-0.018224 0.027748 -0.011663
-0.018224 0.024438 -0.010459
-0.018224 0.026844 -0.012265
-0.010096 0.044001 -0.002631
0.009465 0.076201 0.003385
0.009465 0.074696 0.003986
0.009465 0.074093 -0.004136
0.011874 0.034368 0.013318
0.011874 0.034368 -0.013167
0.011874 0.036777 0.006698
0.011874 0.035272 -0.010158
0.011874 0.039184 -0.001733
0.011874 0.035572 -0.010158
0.011874 0.027749 -0.013167
0.011874 0.038281 0.004589
0.011874 0.038281 -0.005041
0.011874 0.037979 0.00519
0.011874 0.026244 -0.010158
0.011874 0.026244 0.004891
0.011874 0.022934 -0.012263
0.011874 0.022934 -0.010458
0.011874 0.039784 -0.001427
0.011874 0.037076 -0.00745
0.011874 0.02775 -0.006848
0.011874 0.02775 0.013318
0.011874 0.02775 0.006698
0.011874 0.02775 -0.013167
0.011874 0.039183 0.003385
0.011874 0.035571 0.010008
0.011874 0.026245 0.010008
0.011874 0.026245 -0.005041
0.011874 0.022935 -0.012264
0.011874 0.022935 -0.010459
0.011874 0.022935 0.010308
0.011874 0.022935 0.012113
0.006155 0.044001 0.008502
-0.004981 0.044001 -0.009256
0.009163 0.044001 -0.005039
-0.002572 0.044001 -0.010157
-0.0107 0.042496 0.001278
-0.0107 0.042496 -0.001429
-0.0107 0.041593 0.003084
-0.0107 0.037078 -0.008653
-0.0107 0.034972 0.013017
-0.008291 0.044001 0.006394
0.005853 0.074093 0.008502
0.01127 0.037978 -0.006546
0.01127 0.026244 -0.006546
0.002543 0.044001 -0.010157
0.00796 0.044001 -0.006546
-0.006184 0.044001 0.008502
0.002241 0.073797 0.010006
-0.000767 0.045206 0.010309
0.010067 0.074696 0.001878
0.010067 0.074999 -0.001728
0.010067 0.044001 0.002481
0.010067 0.044001 -0.002631
0.001939 0.083729 -0.001125
0.023612 0.027748 -0.010759
0.012476 0.035272 -0.010459
0.004348 0.044001 -0.009556
0.009765 0.044001 -0.003835
-0.007689 0.080113 0.002782
-0.007689 0.080416 -0.002028
0.000439 0.0437 -0.010458
0.006455 0.076504 0.007598
-0.0104 0.034671 0.013017
-0.0104 0.034671 -0.012867
-0.0104 0.037078 -0.008952
-0.0104 0.037078 0.009103
-0.0104 0.034972 0.013017
0.02 0.027749 -0.013165
-0.013408 0.037681 0.001278
-0.013408 0.037379 -0.002933
0.006153 0.044304 0.008502
0.006153 0.081318 -0.003535
0.006153 0.079813 0.005791
-0.016119 0.03467 0.006696
0.008562 0.044001 0.006094
-0.016718 0.034671 -0.00203
-0.016718 0.034972 0.001879
0.002843 0.082224 0.005192
0.002843 0.043097 0.010309
0.002843 0.044001 0.010008
0.002843 0.037678 -0.013167
0.022107 0.027748 0.012414
-0.01702 0.022933 -0.010459
-0.008892 0.044001 0.005492
-0.011603 0.037379 -0.007449
-0.003475 0.044005 -0.009855
0.002541 0.044005 -0.010158
0.024214 0.027748 -0.009254
0.024214 0.027748 0.009103
0.024214 0.033165 -0.009254
0.024214 0.033165 0.009103
0.013078 0.026244 0.005493
-0.02033 0.027747 -0.010158
-0.02033 0.027747 0.010008
-0.003777 0.044005 0.009706
-0.006785 0.075598 0.007598
0.010367 0.044001 -0.001126
0.010367 0.044001 0.000981
0.023912 0.027748 0.010007
0.00164 0.044001 0.010008
0.00164 0.044001 0.010309
0.00164 0.037678 0.013318
-0.020632 0.022631 -0.010158
-0.020632 0.022631 0.010008
-0.020632 0.022631 0.010006
-0.020632 0.022631 -0.010156
-0.020632 -0.001143 -0.010156
-0.020632 0.027145 -0.010158
-0.020632 0.027145 0.010008
-0.020632 -0.001747 0.010006
-0.020632 -0.00265 0.008804
-0.020632 -0.00265 -0.008652
-0.02364 0.027748 -0.010757
-0.02364 0.033165 -0.010757
-0.007087 0.044001 -0.00775
-0.018223 0.024438 0.012114
-0.018223 0.027446 0.012114
0.007057 0.044005 -0.007748
0.020602 0.033467 0.006394
0.020602 0.027748 0.013017
0.020602 0.027748 -0.012867
0.020602 0.033165 0.013017
0.020602 0.033165 -0.012867
0.020602 0.022631 -0.010155
0.020602 0.022631 0.010006
0.020602 0.022631 -0.010156
0.020602 0.033465 -0.007447
0.020602 0.033465 0.007297
0.020602 -0.002349 0.009406
0.020602 0.027749 -0.012862
0.020602 0.027749 0.013012
0.020602 -0.001143 -0.010156
0.020602 -0.001747 0.010006
0.020602 0.033164 -0.012862
0.020602 0.033164 0.013012
0.020602 -0.00265 0.008804
0.020602 -0.00265 -0.008652
-0.00167 0.044001 0.010008
-0.00167 0.044001 0.010309
-0.012806 0.037078 -0.005041
0.006755 0.044001 -0.008052
0.003747 0.044005 0.009706
-0.018525 0.027748 -0.010158
-0.018525 0.027748 0.010008
-0.018525 0.026243 -0.010158
-0.018525 0.026243 0.010008
-0.018525 0.027747 -0.010158
-0.018525 0.027747 0.010008
-0.018525 0.026242 -0.010158
-0.018525 0.026242 0.010008
-0.013108 0.037078 -0.00504
-0.013108 0.037078 0.004889
0.003445 0.080412 -0.007147
-0.021835 0.027748 -0.012561
-0.021835 0.033165 -0.012561
0.01699 0.022935 -0.012264
0.01699 0.022935 0.010308
0.011271 0.034669 0.013318
-0.011001 0.034972 -0.012867
-0.002873 0.044001 0.010008
-0.002873 0.074396 -0.009855
-0.002873 0.037678 -0.013167
0.003143 0.075298 0.009706
0.003143 0.080416 0.007298
-0.000464 0.037981 -0.013167
-0.003175 0.081622 -0.005941
-0.003175 0.080716 0.006997
-0.003175 0.083422 -0.001427
-0.014311 0.036777 -0.001128
-0.014311 0.034972 -0.008952
-0.006183 0.078911 -0.006544
0.010969 0.026245 -0.006546
-0.011303 0.03467 -0.013165
-0.011303 0.03467 0.013316
-0.006485 0.044603 0.008201
-0.017621 0.023234 -0.012265
0.007659 0.080416 0.002181
0.007659 0.079211 -0.004438
-0.02334 0.027748 0.011208
-0.02334 0.033165 0.011208
-0.009795 0.044001 0.003687
-0.020931 0.033165 0.013012
-0.017923 0.023836 0.010309
0.023311 0.033165 0.011211
0.012175 0.034368 0.013318
0.012175 0.036777 0.0076
0.012175 0.039184 -0.001733
0.012175 0.039184 0.001881
0.012175 0.038882 -0.002933
0.012175 0.036776 -0.007749
-0.010097 0.074696 -0.001728
-0.010097 0.075298 0.000977
-0.010097 0.044001 0.002481
-0.010097 0.044001 -0.002331
0.017592 0.023236 -0.010459
0.017592 0.023236 0.012113
0.023009 0.033165 -0.011362
0.011873 0.034368 0.013318
0.011873 0.035572 0.010008
0.011873 0.026244 0.010008
0.011873 0.022934 0.012114
0.011873 0.022934 0.010309
0.011873 0.02775 0.013318
-0.010399 0.042496 0.001278
-0.010399 0.036475 0.010008
-0.010399 0.027748 -0.010158
-0.010399 0.027748 0.010008
-0.010399 0.027748 -0.013165
-0.010399 0.027748 0.011813
-0.010399 0.027748 0.013316
-0.010399 0.027446 0.012114
-0.010399 0.027446 -0.011963
-0.010399 0.026243 -0.010158
-0.010399 0.026243 0.010008
-0.010399 0.022933 0.012114
-0.010399 0.022933 -0.010459
-0.010399 0.022933 0.010309
-0.010399 0.022933 -0.012265
-0.010399 0.034968 0.013318
-0.010399 0.034968 -0.013167
-0.010399 0.03888 -0.006546
-0.010399 0.026244 0.010008
-0.010399 0.026244 -0.006546
-0.010399 0.037078 0.008503
-0.010399 0.037078 -0.008653
-0.010399 0.036776 0.010008
-0.010399 0.022932 0.012114
-0.010399 0.022932 -0.012263
-0.010399 0.022932 -0.010458
-0.010399 0.022932 0.010309
-0.010399 0.02775 0.013318
-0.010399 0.02775 -0.013167
-0.010399 0.039183 -0.006546
-0.010399 0.044001 0.000981
-0.010399 0.026844 -0.012265
-0.010399 0.026245 0.010008
-0.010399 0.026245 -0.006546
-0.010399 0.03467 -0.013165
-0.010399 0.03467 0.013316
-0.002271 0.044005 -0.010158
-0.002271 0.07771 -0.009252
-0.002271 0.074093 0.010006
-0.00799 0.044001 -0.006848
-0.00799 0.044001 -0.006546
-0.019126 0.027748 0.013316
-0.019126 0.033165 0.013316
-0.005581 0.074093 -0.008651
0.011571 0.037678 -0.006546
-0.017019 0.022933 0.012114
-0.017019 0.022933 0.010309
0.021806 0.033467 0.001578
0.021806 0.027748 -0.012565
0.007959 0.074696 -0.006544
0.004951 0.074999 -0.008952
-0.017321 0.03467 -0.001729
-0.009193 0.044001 -0.005041
