71
-0.004055 0.009281 -0.019175
0.014541 -0.010388 0.016946
0.014541 -0.010388 -0.016671
0.014541 0.009639 -0.016675
0.014541 0.009639 0.016946
0.008461 0.005704 -0.019179
0.00596 -0.008242 -0.019179
0.00596 0.008207 -0.019179
0.009178 -0.004307 -0.019179
-0.002265 0.001055 0.023744
-0.002265 -0.001089 0.023744
0.014544 -0.01039 -0.016673
0.014544 -0.01039 0.016946
0.014544 -0.033637 -0.016673
0.014544 -0.033637 0.016946
-0.014069 -0.010388 0.017303
-0.014069 0.009637 0.017303
-0.005841 -0.008242 -0.019175
0.012755 0.011427 0.016946
0.012755 0.011427 -0.016671
0.012755 -0.035426 -0.016673
0.012755 -0.035426 0.016946
-0.006916 0.007491 -0.019175
-0.000836 -0.01003 0.019093
-0.000836 0.009996 -0.019175
0.009893 -0.002163 -0.019179
0.009893 0.001771 -0.019179
-0.009778 -0.002163 -0.019179
-0.009778 0.002486 -0.019179
0.000951 -0.01003 0.019093
0.000951 -0.01003 -0.019175
0.000951 0.009996 0.019093
0.012397 -0.035069 0.017306
0.012397 0.011068 0.017303
0.012397 0.011427 -0.017032
0.012397 -0.035426 -0.017033
0.014184 -0.03328 0.017306
0.014184 -0.010388 -0.017032
0.014184 -0.010388 0.017303
0.014184 0.009281 0.017303
0.014184 -0.01039 0.017306
0.014184 -0.01039 -0.017033
0.014184 0.009637 -0.017032
0.014184 -0.033637 -0.017033
-0.014429 -0.01039 -0.017033
-0.014429 -0.01039 0.016946
-0.014429 -0.033637 -0.017033
-0.014429 -0.033637 0.016946
-0.014068 -0.01039 0.017306
-0.014068 -0.033637 0.017306
0.00238 -0.000732 0.023744
0.00238 0.000696 0.023744
-0.002983 -0.009673 -0.019175
0.001666 0.001771 0.023744
-0.008346 -0.005737 -0.019179
-0.014426 -0.010388 0.016946
-0.014426 -0.010388 -0.017032
-0.014426 0.009637 0.016946
-0.014426 0.009637 -0.017032
-0.012639 -0.035069 0.017306
-0.012639 0.011068 0.017303
-0.012639 0.011427 0.016946
-0.012639 0.011427 -0.017032
-0.012639 -0.035426 -0.017033
-0.012639 -0.035426 0.016946
0.001308 -0.002163 0.023744
0.001308 0.002127 0.023744
-0.001193 -0.002163 0.023744
-0.001193 0.009996 0.019093
-0.001193 0.002127 0.023744
0.003095 0.009637 -0.019175
