193
0.018747 -0.002688 0.008848
0.018747 -0.002688 -0.008804
0.018747 0.065293 -0.009555
0.018747 0.072799 0.009222
0.018747 0.072049 -0.009555
0.018747 0.07017 0.009973
0.018747 0.064167 0.009222
0.018747 0.05853 -0.001292
0.018747 0.078434 0.000585
0.018747 0.039755 0.009974
0.018747 0.029244 0.014105
0.018747 0.026231 0.009973
0.018747 -0.001934 0.009974
0.018747 0.077682 0.004341
0.018747 -0.00081 -0.010307
0.018747 -0.00081 0.01035
0.018747 0.06041 0.006218
0.018747 0.077306 0.005092
0.018747 0.077306 -0.005048
0.018747 0.039011 0.014105
0.018747 0.026232 0.009974
0.018747 0.028106 -0.010307
0.018747 0.028106 0.01035
0.018747 0.074675 0.008093
0.018747 0.058908 -0.00317
-0.018434 0.065293 0.009598
-0.018434 0.076552 0.006217
-0.018434 0.07017 0.009973
-0.018434 0.029612 -0.014062
-0.018434 0.029612 0.014106
-0.018434 0.05853 0.001711
-0.018434 0.078434 0.00171
-0.018434 0.039755 0.009974
-0.018434 0.026228 -0.010307
-0.018434 0.026228 0.01035
-0.018434 0.078058 -0.00317
-0.018434 0.026231 0.000585
-0.018434 0.026231 0.009973
-0.018434 0.078432 0.001711
-0.018434 0.070171 0.009974
-0.018434 0.06041 -0.006174
-0.018434 0.06041 0.006218
-0.018434 0.071674 0.009596
-0.018434 0.039011 0.014105
-0.018434 0.074677 0.008096
-0.018434 0.039751 -0.013309
-0.018434 0.074301 -0.008427
-0.018434 0.039375 0.013728
-0.018434 0.028495 0.014105
-0.018434 0.026232 0.009974
-0.018434 0.028106 -0.010307
-0.018434 0.028106 0.01035
-0.018434 0.066419 -0.009931
0.019874 0.028106 -0.010307
0.019874 0.028106 0.01035
0.016866 0.078055 0.014481
0.016866 0.07805 -0.014438
0.016866 0.034871 0.014481
0.016866 0.034874 -0.014438
0.016866 0.078435 0.014105
0.016866 0.079938 0.012603
0.016866 0.079938 0.009974
0.016866 0.079938 -0.01256
-0.016931 0.078055 0.014481
-0.016931 0.034871 0.014481
-0.016931 0.022857 0.012228
-0.016931 0.022857 0.01035
-0.016931 0.079938 0.012603
-0.016931 0.079938 0.009974
-0.016931 0.079938 0.009973
0.017245 0.022851 -0.012184
0.017245 0.022851 -0.010307
-0.01881 -0.002688 0.008848
-0.01881 -0.002688 -0.008804
-0.01881 0.029612 -0.014062
-0.01881 0.029612 0.014106
-0.01881 -0.002311 0.009596
-0.01881 -0.001934 -0.00993
-0.01881 -0.00081 -0.010307
-0.01881 -0.00081 0.01035
-0.01881 0.039751 0.012978
-0.01881 0.038999 -0.014062
0.01724 0.07805 -0.01406
0.01724 0.026231 -0.012182
0.01724 0.079554 -0.012557
0.01724 0.027735 -0.01406
-0.018431 0.074297 -0.008426
-0.018431 0.07805 -0.003169
-0.018431 0.028486 -0.01406
-0.018431 0.026236 -0.010304
-0.018431 0.039011 -0.01406
-0.018431 0.070543 -0.009929
-0.017302 0.07805 -0.01406
-0.017302 0.079554 -0.01256
-0.017302 0.027735 -0.01406
0.019498 0.069046 0.00434
0.019498 0.072799 -0.000541
0.019498 0.064167 -0.000541
0.019498 0.070547 0.003963
0.019498 0.070547 -0.00392
0.019498 0.064165 -0.000541
0.019498 0.066418 -0.00392
0.019498 0.071674 0.003213
0.019498 0.071674 -0.00317
0.019498 0.064916 0.002462
0.019498 0.066045 0.003589
0.019498 0.072801 -0.000541
-0.018052 0.026236 -0.012182
0.016869 0.079938 0.009973
0.02363 0.070923 -0.000917
0.02363 0.070547 0.001711
0.02363 0.066418 -0.001667
0.02363 0.069421 -0.002419
0.02363 0.066042 0.00096
0.02363 0.067545 0.002462
-0.016928 0.07805 -0.014438
-0.016928 0.034874 -0.014438
-0.016928 0.079938 -0.01256
-0.019936 0.028106 -0.010307
-0.019936 0.028106 0.01035
0.021001 0.072425 0.002086
0.021001 0.072425 -0.002043
0.021001 0.069046 -0.004297
0.021001 0.064541 0.001711
0.021001 0.070547 0.003964
0.021001 0.064165 -0.000541
0.021001 0.071674 -0.00317
0.021001 0.066042 0.003588
0.021001 0.065292 -0.00317
0.021001 0.068295 0.00434
0.021001 0.072801 0.000585
0.018372 0.026231 -0.012184
0.018372 0.026231 -0.010307
0.018372 0.024729 -0.010307
0.020625 -0.002688 0.008848
0.020625 -0.002688 -0.008804
0.020625 -0.002311 0.009596
0.020625 0.027355 -0.010307
0.020625 0.027355 0.01035
0.020625 -0.00081 -0.010307
0.020625 -0.00081 0.01035
-0.018059 0.023978 -0.012184
-0.018059 0.026231 -0.012184
-0.018059 0.026231 -0.010307
-0.020688 -0.002688 0.008848
-0.020688 -0.002688 -0.008804
-0.020688 0.027352 -0.010307
-0.020688 0.027352 0.01035
-0.020688 -0.001934 -0.00993
-0.020688 -0.00081 -0.010307
-0.020688 -0.00081 0.01035
0.018365 0.028486 -0.01406
-0.017306 0.079552 0.012603
-0.017306 0.079552 0.009974
-0.017306 0.078055 0.014105
-0.017306 0.079554 0.009973
-0.017306 0.027735 0.014105
-0.019185 0.072799 0.009222
-0.019185 0.072049 -0.009555
-0.019185 0.064167 -0.009179
-0.019185 0.05853 -0.001668
-0.019185 0.078058 0.003213
-0.019185 0.077682 -0.004296
-0.019185 0.060786 0.006594
-0.019185 0.066795 0.009974
-0.019185 0.058908 -0.00317
-0.018056 0.023985 0.012228
0.018744 0.029238 -0.01406
0.018744 0.074297 -0.008426
0.018744 0.026236 -0.010304
0.018744 0.077682 -0.004297
0.018744 0.039011 -0.01406
0.018744 0.070543 -0.009929
0.017994 0.028109 0.014105
0.017994 0.023605 0.012228
0.019123 0.062664 -0.008427
0.019123 0.072049 -0.009555
0.019123 0.064167 0.009222
0.019123 0.071673 0.009598
0.019123 0.076555 -0.006174
0.019123 0.078432 -0.001668
0.019123 0.077306 0.005092
0.019123 0.059284 0.004339
0.019123 0.058908 -0.00317
-0.016932 0.022851 -0.012184
-0.016932 0.022851 -0.010307
0.017244 0.079552 0.012603
0.017244 0.079552 0.009974
0.017244 0.078055 0.014105
0.017244 0.022857 0.012228
0.017244 0.022857 0.01035
0.017244 0.079554 0.009973
0.017244 0.027735 0.014105
