144
-0.000767 0.045206 0.010309
0.010067 0.074696 0.001878
0.010067 0.074999 -0.001728
0.010067 0.044001 0.002481
0.007659 0.080416 0.002181
-0.001367 0.076803 0.009706
0.010067 0.044001 -0.002631
-0.001367 0.083426 0.003084
0.001939 0.083729 -0.001125
0.007659 0.079211 -0.004438
-0.007689 0.080113 0.002782
-0.007689 0.080416 -0.002028
0.004649 0.082823 0.00158
0.006455 0.076504 0.007598
-0.010097 0.074696 -0.001728
-0.010097 0.075298 0.000977
-0.010097 0.044001 0.002481
-0.010097 0.044001 -0.002331
-0.009495 0.074995 -0.003835
0.006153 0.044304 0.008502
0.006153 0.081318 -0.003535
0.006153 0.079813 0.005791
0.002843 0.082224 0.005192
0.001339 0.074093 -0.010158
0.001339 0.082823 -0.004737
0.001339 0.079214 -0.008649
-0.003475 0.044005 -0.009855
0.002541 0.044005 -0.010158
-0.003777 0.044005 0.009706
-0.006785 0.075598 0.007598
0.000735 0.045206 0.010309
0.008863 0.044001 0.005491
-0.005281 0.074696 0.008802
-0.005281 0.082524 0.000977
0.008561 0.074093 0.005791
-0.008591 0.076803 0.00489
-0.008591 0.044001 -0.005943
-0.008591 0.074995 -0.00564
-0.008893 0.074696 0.00519
-0.002271 0.044005 -0.010158
-0.002271 0.07771 -0.009252
-0.002271 0.074093 0.010006
-0.007087 0.044001 -0.00775
0.007057 0.044005 -0.007748
-0.005581 0.074093 -0.008651
0.007959 0.074696 -0.006544
0.004951 0.074999 -0.008952
0.009465 0.076201 0.003385
0.009465 0.074696 0.003986
0.009465 0.074093 -0.004136
0.003747 0.044005 0.009706
0.003445 0.080412 -0.007147
-0.002873 0.074396 -0.009855
0.009163 0.044001 -0.005039
0.003143 0.075298 0.009706
0.003143 0.080416 0.007298
-0.003175 0.081622 -0.005941
-0.003175 0.080716 0.006997
-0.003175 0.083422 -0.001427
-0.008291 0.044001 0.006394
0.005853 0.074093 0.008502
-0.006183 0.078911 -0.006544
-0.006485 0.044603 0.008201
0.002241 0.073797 0.010006
0.010067 0.054232666666666665 0.00228
0.010067 0.06446433333333333 0.002079
0.009665666666666666 0.06446433333333333 0.003484333333333333
0.009866333333333333 0.054232666666666665 0.002982666666666667
0.003344333333333333 0.054336333333333334 -0.009756
0.004147666666666667 0.06466766666666666 -0.009354
0.005653 0.06466766666666666 -0.008550666666666666
0.0063549999999999995 0.054336333333333334 -0.008149333333333333
0.008360333333333334 0.06446433333333333 -0.006042333333333334
0.008761666666666666 0.054232666666666665 -0.005540666666666667
0.007357666666666667 0.05423533333333333 -0.007346666666666666
0.007658333333333334 0.06446566666666667 -0.006945333333333334
-0.010097 0.06486566666666667 -0.00012566666666666672
-0.010097 0.054433333333333334 -0.0012283333333333334
-0.010097 0.054433333333333334 0.001979666666666667
-0.010097 0.06486566666666667 0.0014783333333333332
-0.0010676666666666669 0.05403433333333334 -0.010158
0.00013566666666666653 0.06406366666666667 -0.010158
0.0017396666666666667 0.06406366666666667 -0.010158
0.002140333333333333 0.05403433333333334 -0.010158
-0.0024716666666666667 0.05413533333333334 -0.010057
-0.0026723333333333334 0.06426566666666667 -0.009956
-0.007588333333333333 0.05433233333333333 -0.007046666666666666
-0.008089666666666667 0.06466366666666667 -0.006343333333333334
-0.006083 0.06406233333333333 -0.008350666666666668
-0.006585000000000001 0.054031666666666665 -0.008050333333333333
-0.008491666666666666 0.054232666666666665 0.005992666666666667
-0.008692333333333333 0.06446433333333333 0.005591333333333334
-0.009294333333333333 0.06446433333333333 0.004287
-0.009695666666666667 0.054232666666666665 0.0033840000000000003
0.008762333333333332 0.05403166666666667 0.0055910000000000005
0.008661666666666666 0.06406233333333333 0.005691
0.007758333333333332 0.06416333333333334 0.0066946666666666665
0.006955666666666666 0.05423366666666667 0.007598333333333333
-0.0002669999999999999 0.05483500000000001 0.010208
-0.001269 0.06446400000000001 0.010107
-0.0017696666666666668 0.06446400000000001 0.010107
-0.0012683333333333333 0.054835 0.010208
-0.0027730000000000003 0.06406366666666667 0.009906
-0.003275 0.05403433333333334 0.009805999999999999
-0.0047796666666666664 0.06446566666666667 0.009103333333333333
-0.004278333333333334 0.05423533333333334 0.009404666666666667
0.010067 0.06466633333333333 -0.00032499999999999977
0.010067 0.05433366666666666 0.0010780000000000002
0.010067 0.05433366666666667 -0.00233
0.010067 0.06466633333333333 -0.002029
-0.010097 0.06446433333333333 -0.001929
-0.010097 0.054232666666666665 -0.00213
0.009364333333333332 0.06406233333333333 -0.004437
0.009263666666666667 0.054031666666666665 -0.004738
0.009866333333333333 0.05403166666666667 -0.0031326666666666664
0.009665666666666666 0.06406233333333333 -0.003634333333333333
-0.008591 0.05433233333333333 -0.005842
-0.008591 0.06466366666666667 -0.0057410000000000004
0.0033443333333333333 0.06486700000000001 0.009706
0.0035456666666666666 0.054436000000000005 0.009706
0.004449 0.05403433333333334 0.009304666666666666
0.005150999999999999 0.06406366666666667 0.008903333333333333
0.006052999999999999 0.054233666666666666 0.008502
0.005953 0.06416333333333334 0.008502
-0.0056823333333333335 0.064665 0.008601666666666667
-0.006083666666666667 0.054633999999999995 0.008401333333333334
-0.007789 0.054533333333333336 0.006795333333333334
-0.007287 0.06506566666666666 0.007196666666666666
-0.006685 0.06526633333333333 0.0077989999999999995
-0.006585000000000001 0.054934666666666666 0.008
-0.003274333333333333 0.05413533333333334 -0.009855
-0.003073666666666667 0.06426566666666667 -0.009855
-0.004879 0.06406366666666667 -0.009052333333333334
-0.004177 0.05403433333333334 -0.009453666666666666
0.0032449999999999996 0.05393566666666667 0.009805999999999999
0.0027429999999999998 0.06386633333333333 0.009906
0.0017389999999999999 0.06426666666666667 0.010107
0.0012369999999999998 0.05473633333333334 0.010208
-0.009695666666666667 0.06466366666666667 -0.0033336666666666666
-0.009896333333333333 0.05433233333333334 -0.0028323333333333334
-0.009193666666666666 0.06466366666666667 -0.004537666666666666
-0.008892333333333334 0.05433233333333334 -0.005240333333333334
0.009264333333333333 0.06446433333333333 0.004487666666666667
0.009063666666666666 0.054232666666666665 0.0049893333333333335
